average flux in [cosZ =-1.00 --  1.00, phi_Az =   0 -- 360]
 Enu(GeV)   NuMu       NuMubar    NuE        NuEbar  (m^2 sec sr GeV)^-1
 1.0000E-01 1.8337E+04 1.8587E+04 9.1281E+03 8.2302E+03
 1.1220E-01 1.5590E+04 1.5780E+04 7.8622E+03 7.0371E+03
 1.2589E-01 1.3205E+04 1.3319E+04 6.6906E+03 5.9381E+03
 1.4125E-01 1.1116E+04 1.1168E+04 5.6397E+03 4.9587E+03
 1.5849E-01 9.2625E+03 9.2829E+03 4.7113E+03 4.1060E+03
 1.7783E-01 7.6245E+03 7.6341E+03 3.9044E+03 3.3711E+03
 1.9953E-01 6.2049E+03 6.2068E+03 3.2116E+03 2.7469E+03
 2.2387E-01 4.9938E+03 4.9926E+03 2.6185E+03 2.2186E+03
 2.5119E-01 3.9773E+03 3.9758E+03 2.1149E+03 1.7758E+03
 2.8184E-01 3.1406E+03 3.1375E+03 1.6905E+03 1.4077E+03
 3.1623E-01 2.4608E+03 2.4582E+03 1.3368E+03 1.1058E+03
 3.5481E-01 1.9176E+03 1.9112E+03 1.0484E+03 8.6194E+02
 3.9811E-01 1.4857E+03 1.4762E+03 8.1537E+02 6.6653E+02
 4.4668E-01 1.1430E+03 1.1340E+03 6.2948E+02 5.1195E+02
 5.0119E-01 8.7450E+02 8.6628E+02 4.8267E+02 3.9085E+02
 5.6234E-01 6.6641E+02 6.5775E+02 3.6752E+02 2.9696E+02
 6.3096E-01 5.0635E+02 4.9708E+02 2.7862E+02 2.2434E+02
 7.0795E-01 3.8323E+02 3.7472E+02 2.1019E+02 1.6838E+02
 7.9433E-01 2.8956E+02 2.8177E+02 1.5772E+02 1.2589E+02
 8.9125E-01 2.1842E+02 2.1158E+02 1.1795E+02 9.3640E+01
 1.0000E+00 1.6434E+02 1.5810E+02 8.7707E+01 6.9559E+01
 1.1220E+00 1.2346E+02 1.1802E+02 6.5028E+01 5.1459E+01
 1.2589E+00 9.2669E+01 8.7843E+01 4.8082E+01 3.7967E+01
 1.4125E+00 6.9372E+01 6.5189E+01 3.5378E+01 2.7894E+01
 1.5849E+00 5.1706E+01 4.8256E+01 2.5965E+01 2.0409E+01
 1.7783E+00 3.8420E+01 3.5591E+01 1.9000E+01 1.4879E+01
 1.9953E+00 2.8442E+01 2.6152E+01 1.3839E+01 1.0769E+01
 2.2387E+00 2.0972E+01 1.9170E+01 1.0016E+01 7.7671E+00
 2.5119E+00 1.5391E+01 1.3978E+01 7.2230E+00 5.5903E+00
 2.8184E+00 1.1277E+01 1.0144E+01 5.1845E+00 3.9932E+00
 3.1623E+00 8.2332E+00 7.3510E+00 3.7034E+00 2.8375E+00
 3.5481E+00 5.9956E+00 5.3165E+00 2.6299E+00 2.0060E+00
 3.9811E+00 4.3536E+00 3.8354E+00 1.8575E+00 1.4129E+00
 4.4668E+00 3.1540E+00 2.7606E+00 1.3097E+00 9.9263E-01
 5.0119E+00 2.2797E+00 1.9829E+00 9.1891E-01 6.9369E-01
 5.6234E+00 1.6439E+00 1.4210E+00 6.4098E-01 4.8403E-01
 6.3096E+00 1.1834E+00 1.0167E+00 4.4777E-01 3.3742E-01
 7.0795E+00 8.4960E-01 7.2550E-01 3.1122E-01 2.3320E-01
 7.9433E+00 6.1031E-01 5.1701E-01 2.1528E-01 1.6079E-01
 8.9125E+00 4.3804E-01 3.6844E-01 1.4826E-01 1.1133E-01
 1.0000E+01 3.1289E-01 2.6210E-01 1.0200E-01 7.6553E-02
 1.1220E+01 2.2357E-01 1.8616E-01 7.0049E-02 5.2526E-02
 1.2589E+01 1.5979E-01 1.3217E-01 4.7970E-02 3.6022E-02
 1.4125E+01 1.1416E-01 9.3875E-02 3.2794E-02 2.4638E-02
 1.5849E+01 8.1599E-02 6.6715E-02 2.2411E-02 1.6798E-02
 1.7783E+01 5.8262E-02 4.7349E-02 1.5228E-02 1.1447E-02
 1.9953E+01 4.1548E-02 3.3569E-02 1.0297E-02 7.8378E-03
 2.2387E+01 2.9663E-02 2.3776E-02 7.0288E-03 5.3355E-03
 2.5119E+01 2.1127E-02 1.6841E-02 4.7589E-03 3.6316E-03
 2.8184E+01 1.5050E-02 1.1920E-02 3.2063E-03 2.4624E-03
 3.1623E+01 1.0734E-02 8.4625E-03 2.1977E-03 1.6871E-03
 3.5481E+01 7.6365E-03 5.9827E-03 1.4841E-03 1.1429E-03
 3.9811E+01 5.4300E-03 4.2266E-03 1.0013E-03 7.7328E-04
 4.4668E+01 3.8569E-03 2.9841E-03 6.7435E-04 5.2299E-04
 5.0119E+01 2.7374E-03 2.1047E-03 4.5348E-04 3.5308E-04
 5.6234E+01 1.9417E-03 1.4829E-03 3.0475E-04 2.3781E-04
 6.3096E+01 1.3757E-03 1.0439E-03 2.0466E-04 1.6013E-04
 7.0795E+01 9.7386E-04 7.3419E-04 1.3730E-04 1.0781E-04
 7.9433E+01 6.8881E-04 5.1575E-04 9.2037E-05 7.2450E-05
 8.9125E+01 4.8675E-04 3.6187E-04 6.1626E-05 4.8603E-05
 1.0000E+02 3.4361E-04 2.5381E-04 4.1206E-05 3.2581E-05
 1.1220E+02 2.4222E-04 1.7770E-04 2.7536E-05 2.1836E-05
 1.2589E+02 1.7070E-04 1.2431E-04 1.8391E-05 1.4624E-05
 1.4125E+02 1.2015E-04 8.6853E-05 1.2277E-05 9.7761E-06
 1.5849E+02 8.4479E-05 6.0621E-05 8.1922E-06 6.5322E-06
 1.7783E+02 5.9367E-05 4.2280E-05 5.4634E-06 4.3624E-06
 1.9953E+02 4.1655E-05 2.9441E-05 3.6440E-06 2.9116E-06
 2.2387E+02 2.9207E-05 2.0482E-05 2.4292E-06 1.9414E-06
 2.5119E+02 2.0464E-05 1.4243E-05 1.6196E-06 1.2935E-06
 2.8184E+02 1.4317E-05 9.8975E-06 1.0821E-06 8.6239E-07
 3.1623E+02 1.0031E-05 6.8808E-06 7.2103E-07 5.7630E-07
 3.5481E+02 6.9962E-06 4.7632E-06 4.8023E-07 3.8422E-07
 3.9811E+02 4.8821E-06 3.2993E-06 3.2016E-07 2.5589E-07
 4.4668E+02 3.4048E-06 2.2822E-06 2.1363E-07 1.7037E-07
 5.0119E+02 2.3714E-06 1.5771E-06 1.4236E-07 1.1359E-07
 5.6234E+02 1.6552E-06 1.0919E-06 9.5172E-08 7.5609E-08
 6.3096E+02 1.1464E-06 7.5102E-07 6.3482E-08 5.0317E-08
 7.0795E+02 7.9517E-07 5.1720E-07 4.2318E-08 3.3500E-08
 7.9433E+02 5.5122E-07 3.5571E-07 2.8236E-08 2.2310E-08
 8.9125E+02 3.8152E-07 2.4420E-07 1.8814E-08 1.4830E-08
 1.0000E+03 2.6464E-07 1.6805E-07 1.2551E-08 9.8642E-09
 1.1220E+03 1.8171E-07 1.1459E-07 8.3830E-09 6.5599E-09
 1.2589E+03 1.2511E-07 7.8371E-08 5.5933E-09 4.3643E-09
 1.4125E+03 8.5952E-08 5.3496E-08 3.7239E-09 2.8962E-09
 1.5849E+03 5.9003E-08 3.6466E-08 2.4796E-09 1.9193E-09
 1.7783E+03 4.0447E-08 2.4824E-08 1.6501E-09 1.2718E-09
 1.9953E+03 2.7707E-08 1.6882E-08 1.1045E-09 8.4594E-10
 2.2387E+03 1.8905E-08 1.1449E-08 7.3507E-10 5.6051E-10
 2.5119E+03 1.2882E-08 7.7478E-09 4.8904E-10 3.7016E-10
 2.8184E+03 8.7574E-09 5.2298E-09 3.2522E-10 2.4496E-10
 3.1623E+03 6.0454E-09 3.5891E-09 2.1585E-10 1.6239E-10
 3.5481E+03 4.0263E-09 2.3777E-09 1.4338E-10 1.0705E-10
 3.9811E+03 2.7212E-09 1.5968E-09 9.4854E-11 7.0546E-11
 4.4668E+03 1.8354E-09 1.0711E-09 6.2675E-11 4.6411E-11
 5.0119E+03 1.2372E-09 7.1694E-10 4.1652E-11 3.0580E-11
 5.6234E+03 8.3172E-10 4.7879E-10 2.7480E-11 2.0060E-11
 6.3096E+03 5.5844E-10 3.1960E-10 1.8154E-11 1.3176E-11
 7.0795E+03 3.7423E-10 2.1275E-10 1.1947E-11 8.6625E-12
 7.9433E+03 2.5016E-10 1.4133E-10 7.8651E-12 5.6332E-12
 8.9125E+03 1.6698E-10 9.3611E-11 5.1681E-12 3.6782E-12
 1.0000E+04 1.1133E-10 6.1843E-11 3.3938E-12 2.4177E-12
